Uova:
34,49,56,112,118,124,165,168,176,179,214,233,25,27

Pesce:
9,37,97,99,152

Frutti di mare:
3,36,45,50,65,67,91,117,154,189,191,195,197,200,212,216,218,248

----

Pasta:
16,17,23,24,54,57,70,75,79,84,87,96,132,134,142,151,153,167,180,182
183,190,234,243,

Riso:
12,13,30,32,38,66,80,95,123,148,177,210

----

Carne:
18,20,22,28,41,42,47,71,74,77,83,85,92,93,103,104,114,122,126,
128,131,140,143,145,157,158,159,163,166,171,187,206,208,213,215,217,222
228,230,231,240,241,242,249,

----

Torte:
5,31,44,46,48,52,63,68,69,89,115,119,146,147,161,162,172,188,203,219,223
224,225,227,236,237,238,239

---

Dolci:
0,1,2,8,10,21,55,62,73,86,90,101,107,109,120,125,129,136,138,139,144
149,150,155,156,160,169,173,193,194,199,220,235

---

Pane/Tortilla:
4,6,7,14,26,29,33,43,51,81,100,102,106,127,137,164,174,184,185,198,201,
202,205,207,221,229,232,244,246,247,

---

Altro:
11,15,35,39,40,53,58,59,60,61,64,72,76,78,82,88,94,96,105,108,100,
111,113,116,121,130,133,135,141,170,175,178,181,186,192,196,204,209,211,
226,245,250